1050.759319
6083.764518
225.0912706
38261.27623
19180.53802
954.8682448
72988.68533
955.5229667
22576.45524
18975.41275
4391.218209
954.21987
15359.15678
978.4232103
97229.74444
44905.99746
13707.40694
974.1633441
15898.55328
12681.46875
80902.12051
962.0160528
11758.54434
961.4154928
11771.0119
983.2360738
14980.156
957.8009266
33359.76081
969.0091132
18972.68723
47744.83536
992.8257723
4549.799565
54988.51089
979.3096937
960.2215216
37702.2291
15149.39195
65454.12951
3116.154899
26631.07513
981.9013447
13883.50662
38655.27615
3030.903361
988.5722323
10839.74081
1020.888073
11748.45161
72019.88957
46026.37283
26907.56064
987.1079882
27801.92768
1057.567433
35806.63466
56027.22332
31533.56478
1015.218632
97766.72596
65332.21459
37631.47974
31601.65225
2649.160425
6878.232479
11793.05278
600.062331
182.0377789
5784.210207
18221.1378
7483.700253
4086.612528
1301.806144
33380.396
1006.461886
83643.17613
21580.75044
11648.23402
33930.52551
1778.549445
31531.99587
10544.05191
3982.292334
1009.414449
31354.52875
27138.06608
1014.313884
18890.5671
10230.88971
2406.67042
417.2372761
1600.934764
775.2370032
3678.119445
15809.47805
12309.45615
29962.94835
10604.83916
6026.985731
33515.10416
22626.29345
60.69472538
14935.83085
7563.062895
1017.867085
1396.5349
6760.368657
743.3063705
21765.56571
1008.764178
11751.84455
8094.247005
1016.585876
10433.56279
3460.67878
14914.89701
8109.011118
1023.435999
12971.2733
10567.31386
1737.568197
3589.523239
23.8436203
1459.459673
1023.188076
8590.720465
20496.48728
25937.33851
2930.747976
4521.524616
11088.41693
994.2428215
18934.98163
1967.708665
11345.86466
345.9383057
17775.46829
1881.676967
10479.27166
13435.51661
6328.252312
6112.386851
7167.700009
1672.431781
1224.11635
23719.88206
11864.66594
17437.68539
13189.86332
2189.356273
1029.551244
17229.16283
30492.17051
1021.695272
314.9909724
4394.090297
35267.66107
35465.68432
1019.651504
21990.81184
31630.86976
19618.11542
6021.253347
25380.66583
1774.830548
870.8206319
917.2029035
1195.279797
1300.535498
12758.71853
1006.522611
5851.810446
1584.665337
1882.85012
11225.0685
15368.90743
3700.913295
6796.435828
1139.966987
8454.141163
1029.852492
15312.41834
3684.775448
17297.0316
5838.147638
26666.16661
5093.600338
11495.96095
16119.86759
1061.982613
14402.03728
7020.62272
1031.802759
2649.388558
2457.486717
12075.9617
8412.947011
32146.14462
1016.51567
27871.3149
22997.34495
7195.639792
1020.851954
8100.157459
1037.939677
7221.817644
13139.1035
370.4572991
1373.272928
18767.58624
11091.23267
30602.90703
106.3535607
1554.622849
11413.68124
1030.401099
21314.74115
2319.231609
1077.490437
33887.68688
13600.06782
1023.238487
2586.650919
25593.73762
3352.287097
1775.892243
29708.933
46291.94341
1687.246161
1016.753272
7005.48361
1100.276706
1006.861046
21814.97053
2871.28536
1947.410509
7373.131896
1033.319407
18520.61488
1034.147301
1780.802511
13183.86969
1025.368539
16060.20097
4908.583646
7467.56649
6409.639487
28745.80079
7539.488373
28877.8384
44324.06072
5529.400545
5910.043002
1075.280742
23801.08521
13117.76962
1021.329349
8505.280874
13986.18182
27636.00213
3927.158805
650.9791704
155.4012457
3609.273132
7519.031289
5835.084735
14504.48101
7331.456026
6653.339791
472.6761031
10949.76945
6385.251083
1009.66415
7576.496117
8205.302498
651.999159
5988.041468
6575.271471
5518.756739
24079.56029
10682.77367
14784.66249
8665.231002
5506.250598
72887.07682
2179.964943
5928.992066
60.69049496
22430.49713
1013.765751
44611.24577
13982.23725
1022.367047
8114.184774
1044.326965
22492.48734
1023.944848
21.53097213
18896.97145
2310.0392
22888.85976
1029.977018
64060.5647
1165.564793
1211.068063
8929.496479
9309.049883
3965.345443
58257.89651
12077.41667
2939.382219
4052.261609
971.96396
51287.43643
42616.79829
964.1623727
18952.01898
951.162981
35694.84498
2914.237322
21916.59376
3582.908726
960.1359376
972.282209
32990.64433
3875.427538
2767.520953
7135.466319
9749.636079
17313.11875
983.042633
8129.55987
4882.547945
12514.51346
4771.21673
1198.056344
10034.98486
1001.459882
94.74613955
3715.076344
52067.88533
1063.364721
2690.119631
9026.499172
992.8913154
56003.82015
34988.27012
993.6215337
952.1412134
26613.66871
5922.342492
15171.93356
39799.84043
2149.98691
9536.703857
3605.407902
1012.512218
6327.473764
4052.972218
19351.39161
39589.65955
60.90771609
4370.046821
21720.90357
1012.486493
965.817341
20013.37467
22693.23381
1390.806229
1004.479502
15356.91676
11717.23783
1045.914171
28749.22989
1017.26586
7769.603355
51349.00355
6489.293441
6606.279987
22315.19889
43965.67098
7410.128416
33365.72132
1022.458873
7970.97667
6382.628861
13866.07136
7884.629306
7254.52691
11914.3314
24373.07583
4992.297124
8181.170601
1015.590492
4485.07754
1030.619118
14157.65074
6324.532102
4017.274148
39479.7163
2028.316464
13166.11132
4561.619947
1025.276796
2242.354791
774.006352
5073.603667
1032.369546
7143.957889
5598.267197
7618.854112
2129.399243
7820.743521
4809.025821
16307.42458
887.7733145
10754.15491
1047.944922
6703.157262
9827.450994
5887.555884
8545.870329
4965.190348
1035.317945
19913.33944
2346.577633
789.0826291
19495.25807
13690.15667
934.6627983
9.791396309
3260.64739
7961.961693
18240.95692
1037.630637
14703.06443
9997.000059
3345.246128
15640.01443
2077.801348
19963.55433
1026.803748
4613.029757
709.2848183
2144.231505
3297.071096
1012.958227
1525.865267
8679.675549
236.2379999
4041.344264
12591.82607
895.2746687
9939.818292
9517.967804
7518.070474
4249.246377
4135.856219
6945.585665
1035.23708
15312.82507
1006.660184
807.2368242
5830.166919
46011.47061
2294.301743
1026.579894
5177.809693
2914.298688
1052.73478
9099.352292
2208.800232
7590.24282
1035.167253
23709.23957
8224.057965
8642.298334
14363.07649
4536.222369
1020.617108
4503.500897
6415.147428
11594.67257
1051.443596
5832.342248
1381.179954
9377.216632
1719.442293
7777.068303
1004.753143
7971.439172
3734.506499
1042.180872
10288.01431
1060.359902
71.50462817
288.4128623
1520.508983
158.877431
225.8014712
555.1037468
2134.60682
965.2339326
1322.72975
2839.733589
1299.984139
2138.932514
2792.833881
33319.56165
1024.044564
2049.804419
6044.109006
1012.443613
6965.518324
1241.639998
34200.45686
14161.50952
1424.851934
4155.555447
1043.091986
7779.476933
18303.26132
1016.985294
22502.4647
1003.611473
22499.91774
1015.592811
8101.988139
1009.804166
4494.790012
1014.605012
29706.97659
1013.206578
84604.06389
41681.58046
1017.436256
11697.51069
1017.308672
47731.46939
1049.133753
9090.121032
2582.101101
1013.963475
24134.10561
1022.600818
6189.468083
7660.357823
1017.941145
29702.91262
1019.001077
33295.46204
1017.523629
36896.92394
1022.753126
29695.80354
1082.195226
47644.77211
1021.809126
4370.554227
57745.00016
1016.641733
8092.093682
1022.136584
74383.66262
15239.06883
4873.113993
257.7507584
1010.965793
7554.499265
61690.22973
34180.42331
1016.329421
29693.75011
1082.331352
62055.47798
1017.137331
8264.678941
3428.627954
1015.166555
33109.48308
26805.65713
5809.596476
1052.887083
1260.886341
4157.175687
60907.17112
12076.97217
7488.784344
683.6510217
10786.1163
6157.18975
2751.010405
10.88777212
72.75268318
7819.003554
32492.29753
1287.497815
3949.107806
18043.60483
4406.602325
4461.844816
2880.368614
1842.787876
1048.548085
15835.87833
4687.778395
8855.847961
1194.888203
1623.580402
6737.324073
6181.871728
11560.14006
12097.48952
14575.87871
15987.45686
1384.189706
16616.05354
66328.08789
20706.27863
10350.44772
1016.577788
23332.7286
2776.93845
1033.365946
4502.247245
1034.567852
1926.941306
5633.57691
11352.44087
1030.398092
2914.889991
4291.633817
8799.672159
4735.089433
9013.214382
5271.360764
4811.629032
14430.9585
9594.00953
43389.63505
1089.617061
5804.669032
1992.362269
1029.865717
3240.019649
13507.79643
5772.962426
12002.50912
4340.732125
1024.645284
9787.28259
12721.34924
1028.510161
14590.65497
8552.528804
10169.1168
1024.300549
9544.65713
11797.00777
11970.69239
1032.684501
952.9095078
5125.724878
56683.53806
5397.998937
1324.787402
17057.02572
13675.46099
5124.406509
1030.115651
34197.15472
2779.38302
6841.597517
4404.616335
4804.968136
3536.209492
2747.401409
2900.620691
1030.186701
463.8456496
11228.1826
5453.276372
8058.530431
1844.161977
1044.617105
3575.711151
2933.242502
10060.82492
5350.270635
2638.443561
1909.369448
861.6388395
950.2091866
1920.361623
3682.96572
13841.94617
15087.90093
4069.942033
6891.095413
2440.288941
11008.97226
906.8086268
10204.68751
6910.108824
10706.83583
6509.185525
1030.424402
17203.38822
258.7962404
124.4403282
2171.273258
2718.980882
358.731671
4089.481484
2777.254933
1021.659204
15304.29538
21055.92337
13446.01706
25689.81712
1985.367541
1022.131563
28286.30653
12287.57847
3454.863277
8963.833315
30856.368
29349.25286
8047.415524
6142.45968
15492.39718
9452.175041
33085.52473
35707.92489
6436.373834
4134.436987
12745.33437
15852.96049
7322.177355
5618.811162
13567.9003
13963.35846
1015.65336
41924.47865
21334.05452
29209.22309
4489.537317
35460.64244
1025.634788
15312.70886
1023.796159
949.5704324
973.1065533
1038.332607
31771.61523
1016.163872
113301.7481
123861
7319.546542
1017.099274
27834.07779
1934.059834
47711.03063
1016.282968
22562.95315
2462.150488
98314.24449
353904.4036
1017.936919
98976.43414
42430.09703
26101.43028
1012.249923
749.2402891
25350.06229
1017.2606
12710.58298
20604.01226
40568.47301
1014.426584
17543.92348
1005.140822
27363.18823
18887.54969
10878.53402
1027.326313
83786.45809
126940.7401
1012.452392
33312.88223
11759.89981
1016.568815
11697.15654
256410.2021
1015.499177
22735.18265
22498.52619
11935.24102
201.5680982
64532.76084
5356.893481
3138.5067
20122.60798
175584.5202
101824.1997
1014.820619
90929.17308
1015.207919
39481.56321
19029.42554
1017.730658
44111.51489
1015.874664
1675.213727
1354.377858
2230.541304
2818.866816
33482.7988
3523.861538
1015.860678
76519.10613
40568.35206
1016.780538
65776.48004
26100.55621
1017.362173
32112.86002
13692.73047
8309.558876
2013.210117
6081.600004
5983.934782
19330.0712
14366.69329
4627.393662
1016.760386
43217.92702
1034.208071
11702.12255
1030.470289
16467.80458
16850.23675
60.96019444
21560.5255
2313.973455
2008.122332
8442.707889
507.4761929
30902.04659
552.8776212
5958.048489
247.004582
13106.93227
14175.29539
7172.074784
357.1463092
1858.063702
11263.11306
7610.903685
9760.568013
64653.16797
14882.13867
19443.79561
893.1192209
7933.636311
824.2065552
1004.402072
540.6546821
7557.927113
958.8114138
5964.736151
8131.435182
3643.77411
5101.186769
17576.81915
3568.944449
14860.29684
994.5714828
7201.710197
183.856379
5100.021366
5800.962017
5183.184859
2651.015975
3934.11019
10455.25552
6280.640318
3889.533656
1851.291229
5805.599358
13909.8531
2624.673788
3743.582868
1040.265133
1359.029933
2055.914707
9649.541935
8066.442562
13669.36667
61.78374031
1021.891448
2159.659247
5264.703424
38677.64979
19240.67601
5453.655701
9152.508811
6014.238966
16564.59312
3654.114914
2572.421359
5294.056322
2268.40432
19505.645
18084.54404
1557.80174
17832.28629
197.018322
1005.129543
136.6761293
14438.10508
5071.629637
8379.89791
292.2775509
3407.589886
199.4528598
5487.695089
5231.618883
23068.37564
23490.19915
7786.084291
2808.184158
1014.583074
11704.22436
22564.03774
7006.328999
5940.699026
14919.98665
77.63701877
5028.634181
5697.285283
12233.53365
7778.569685
8735.851522
22580.11977
1026.60398
10651.6596
6549.942245
11107.46726
6355.752099
11274.88444
23455.90594
1268.093083
736.3574829
1046.058218
5055.18074
1055.108007
2165.73149
21777.37084
1351.966983
6126.843601
8836.257893
8334.971537
12202.26795
2225.693251
2776.466727
2841.077696
6980.711325
1015.324642
18123.93226
176.3974608
5555.796644
13053.23602
156.0542829
3216.154495
13743.53664
22549.22626
41634.51282
15356.06308
952.0501313
950.3179078
40565.10771
949.831784
39618.00769
950.4303448
957.030925
1372.313331
14958.36807
958.1479792
11753.21801
949.2148379
18009.1851
948.4213986
23340.09888
60445.28085
3.031500373
963.6137968
31058.13958
891.9835582
958.12672
6.281832155
949.7179107
44154.90293
963.8829218
4721.64936
5605.960948
18474.23316
46.3247289
13437.57195
19852.08148
22561.20417
87.60118507
20874.9291
10151.15357
33713.60671
5384.449894
4970.33064
4988.781087
1657.710663
2896.096564
14.54130342
967.0173234
7235.654746
18910.23455
9369.471413
4177.248598
3464.972305
2362.588203
13960.6348
15270.61915
97733.99559
4966.638655
26314.50076
19317.79999
3064.378881
33.7140628
1078.045064
1026.061388
18.73167065
13059.61017
199.3178798
233.6031579
636.8030955
1441.603961
21.48742684
94.64209806
2367.87021
9687.278384
25267.42512
46.87048163
989.0083603
13.54291252
951.8156469
1238.519425
1014.17116
1450.511722
4288.178563
11428.67972
10098.0591
6198.921582
1022.056407
2440.359236
3725.614722
61.8054869
7875.61221
8100.813128
46787.09526
272.275928
521.9105803
3069.585183
5248.948663
245.9553961
4712.033117
1021.659498
15903.33472
5972.401304
4268.684237
7607.26175
8325.327061
9287.472586
1025.613548
11525.70275
8344.033686
1828.658286
18151.72452
7856.710808
1021.672311
596.4817331
2933.156183
4577.959933
61.73750417
7471.846505
5044.732879
16199.87627
2332.435479
3993.847222
1771.995787
1030.21859
24334.28769
564.0101001
4875.195015
25187.58488
7164.63442
777.7128447
14536.61661
209.7796463
5776.042009
4858.453404
1066.757243
6143.460103
465.1617687
11256.547
61.8697055
1024.038444
8097.690964
1021.01578
8105.341736
61.96888975
1025.998095
8924.100307
4898.844348
942.7718045
1389.252374
3710.868565
1021.436957
18899.94983
1029.222047
18915.73595
1020.870639
5840.875293
1968.131282
3836.491161
2696.435539
1036.644511
7127.211286
1030.323929
330.5368263
11371.86287
1030.708574
1624.501221
10071.24331
15360.42409
1641.642327
9236.616892
8035.8602
6604.668948
10074.85934
11957.85508
12935.6921
7098.30111
8419.489794
1506.382143
252.2029221
15459.96538
8576.51818
5200.119673
7894.982598
8385.356959
36647.53417
61.49262825
442.2947418
3129.624559
1020.938492
10038.10264
8870.605457
1030.930136
5395.922244
17834.87929
24226.18272
14120.19081
36810.34324
24865.51723
4153.332891
15894.14872
5259.088487
10537.27125
328.6739518
1024.27709
30433.87676
3353.52941
35547.15007
60.69277252
11698.42533
30428.7266
6235.300992
3013.794341
1028.973824
4501.541966
10169.83635
16330.96929
24398.28394
6724.73037
3529.448048
3089.6626
231.4034926
5302.088599
18943.7619
2805.298205
24897.79132
5016.557982
5091.00007
4079.059415
11806.9963
1021.973782
23187.37621
2096.036167
22797.28032
2338.197846
1020.695029
12482.36498
10032.73569
1033.90038
5210.057086
8694.769297
1415.032027
1032.79074
4693.917997
3415.134054
62.03864859
6.377697774
1021.969546
3848.034929
11162.29636
5181.709654
4959.391756
9607.774267
3068.304146
53353.53617
5004.125722
11794.07768
60.88114116
22470.6334
61.665804
1738.391328
9518.395582
6565.481756
1417.823723
24381.83043
1187.586763
6064.54131
9506.807487
1019.047324
61088.79825
27378.14094
9678.716834
1018.367381
3687.439923
672.3746468
6136.318007
3906.947837
1030.923111
12592.67255
1511.426655
961.5073774
905.2529934
7391.531796
9951.942893
1029.419879
356.4778135
18633.20772
7400.5201
2484.216223
1021.518836
37143.41704
6042.417626
1021.518836
1022.518836
1023.518836
1024.518836
1325.518836
1026.518836
1027.518836
1028.518836
1029.518836
1030.518836
1031.518836
1932.518836
1933.518836
1934.518836
1935.518836
1836.518836
1837.518836
1438.518836
1439.518836
1340.518836
1221.518836
1722.518836
1023.518836
1024.518836
1025.518836
1026.518836
1027.518836
1028.518836
1029.518836
1030.518836
1031.518836
1032.518836
1033.518836
1034.518836
1035.518836
1036.518836
1037.518836
1038.518836
1039.518836
1040.518836
1021.518836
1022.518836
1023.518836
1024.518836
1025.518836
1026.518836
1027.518836
1028.518836
1029.518836
1030.518836
1031.518836
1032.518836
1033.518836
1034.518836
1035.518836
1036.518836
1037.518836
1038.518836
1039.518836
1040.518836
1021.518836
1722.518836
1123.518836
1024.518836
1225.518836
1026.518836
1027.518836
1028.518836
1029.518836
1530.518836
1031.518836
1332.518836
1033.518836
1034.518836
1035.518836
1536.518836
1037.518836
1538.518836
1039.518836
1940.518836
1021.518836
1022.518836
1023.518836
1024.518836
1925.518836
1026.518836
1027.518836
1028.518836
1029.518836
1030.518836
1031.518836
1032.518836
1533.518836
1934.518836
1235.518836
1236.518836
1337.518836
1638.518836
1539.518836
1840.518836
1721.518836
1622.518836
1923.518836
1924.518836
1025.518836
1026.518836
1427.518836
1928.518836
1529.518836
1330.518836
1031.518836
1032.518836
1233.518836
1034.518836
1135.518836
1036.518836
1037.518836
1138.518836
1039.518836
1140.518836